$ANSIBLE_VAULT;1.1;AES256
37626535326233383738343730626236353032363633633763393365616630313963613630663233
3362383934393830323134363133386635363163336666610a346232393264643330633931343761
66656133373237393736663436623732643931633338396637633763613535333966396334346663
3062313733346564610a313462663130346564323866616461313235363037393538363030323433
61616134386533313464343662373437613133363364666665666432333535323339326335326161
31666131303866383461626630656562643338613034396234306264613265396136646662386163
62666132653031313361363561623365363734326434356366313766626631653135656333666530
61316335303432316435353932346565643963643638323335643738363934663731323636336139
61333431353432363233646465373662373561313961383132336230653635653531393862393336
30666537336533363931303863346434303431353531636533376439373562323836353635656136
38363031643863316138633334343363303966616232316333333230616263306130303436383537
38376130353334396162353063346231626461663462616537373136333131393737333664386461
38376138663066373030666235353833653537323334623465613133653262636137663839373262
31376633636432323262643638663964663132643261653930636539316335346664643934313666
38363932333833383634386536313163643037336236333863323834313539646366623762643738
65613233393937363737353132353436376430363065306664366164656534613233393935386530
33646665373230623761336230616230323038653261656238366532373162303364366436303238
31636537653030313332353530346630656638336232326138316166303731316264626638643435
66663337643663383539616639356137313033373665383162653737373566373133356562653033
61643366623932336636633963336464303362616562396163343936616239633333313431383037
37353736373639393737323031623435663234626565333537323464383533663834653263633037
39383363333763373463366666626239393033343936316339666134623939393164646664653263
38336666373265383438626663363738616166363233313637353961386236393062376261633162
30323339373465376232636562333061323364326264386439643839313266303334356335633831
33653631323063376661356632363035326239343433333030383439303634646561353334306239
37333762333363616535356562363234343265343864633033613637623830333133343331643931
64633463346236386562333839643064636235363031393961363339626533663666376665326535
33343839323131346330
