$ANSIBLE_VAULT;1.1;AES256
61666232343537656637666639316337333264353134613764376331626466646135376434613435
3438636662633931306431656437333335373662656534660a353966316334313062346536366265
64343462393832616236333735346461313266313264303431633766323138343630643439323233
3837633164323866300a643533373566343734643664323463386433666562303839323866346432
36366334373961626334633061636566633063313961643931366335626232336335396663653434
36623931306532653033343966313230633462343333346331613331356162393962383530323362
36376238323564303165393666396330646235323432393437656465396262363466386235333837
63333534643239633437636264313433363037663562353531303535373539646539383236373463
30333835333734343236386162323137623439363065396339626330356534336462653861616562
64663863663233333264353834626563336462316465653437323463323630336539646366643165
31353037303438613065663736333630613262656163373630626130643461633337666266386565
30636133306131633238363063313662386639386464623038363439656164343464663766666332
31653831393864303537343831323039636166633239616534373466653436373064626363323037
63313531333835326266366132343831633330353335616464613866616339373065316664333738
37653737323032363062373239316236306632653262333031306164623831393630626461383833
39363166316139643163373465323766633230333631373331633639383566643337386538346236
66313862353333653262316433613764643664393035316436643461343861343935623338303765
65643466376562323037356630663034356135306236613835626364623435346432323265613966
64646262656331373431366136656564333963383130626366376464666537326161616134383734
63613764373431393838323863636334643861383132333735326462643964653237346332623762
61633732643139656637646138633034323561303237373333306233326338383164643164633431
32623435366232636434326365393132643161346336333562343834333836643265393561653037
33396335303533393037383562353766353530616631653830316533326533653761373562383330
38393564373631306238633437643130343737633466383162636337643038383535336330633331
33653133666133313966626236343336323433643834623331353130376134343765323236303038
61633434366231313938613234363365663364636539643939646633666434323132333130353665
64653630616365633333613432386539373031333230393634353064363930313361393062333333
38303239663339306232
